7071000.0 0.0 0.0
7070429.984707033 80775.52136206094 0.0
7068720.098249669 161538.42299819615 0.0
7065870.611263202 242276.08746347448 0.0
7061881.979502919 322975.9010473279 0.0
7056754.8438033955 403625.25590453343 0.0
7050490.013546748 484211.55114039587 0.0
7043088.493730551 564722.1957349743 0.0
7034551.461092397 645144.6096403487 0.0
7024880.33081184 725466.2284797827 0.0
7014076.68607439 805674.5034567151 0.0
7002142.275817882 885756.9029037593 0.0
6989079.02800265 965700.9147474873 0.0
6974889.056993428 1045494.0495770397 0.0
6959574.650070217 1125123.838352031 0.0
6943138.2884048475 1204577.8399870389 0.0
6925582.630125253 1283843.6392338648 0.0
6906910.519359792 1362908.8495329698 0.0
6887124.978074033 1441761.1187817904 0.0
6866229.211429103 1520388.1229886285 0.0
6844226.600808032 1598777.5782106314 0.0
6821120.708184564 1676917.2355114997 0.0
6796915.273324417 1754794.884809753 0.0
6771614.215324386 1832398.3511703955 0.0
6745221.630032735 1909715.5097138174 0.0
6717741.788429614 1986734.2763223066 0.0
6689179.138370233 2063442.6142172262 0.0
6659538.303820557 2139828.5347140557 0.0
6628824.07976053 2215880.10507307 0.0
6597041.439413392 2291585.4341487195 0.0
6564195.52580157 2366932.693679668 0.0
6530291.655110398 2441910.107731584 0.0
6495335.315035288 2516505.955114411 0.0
6459332.164243612 2590708.575778033 0.0
6422288.02919694 2664506.3709543496 0.0
6384208.9061282575 2737887.803434046 0.0
6345100.958407612 2810841.4010034017 0.0
6304970.514309749 2883355.7597061414 0.0
6263824.069813049 2955419.541547835 0.0
6221668.284880746 3027021.4794662464 0.0
6178509.980213523 3098150.3782207547 0.0
6134356.1416045735 3168795.1165055446 0.0
6089213.915414754 3238944.648608113 0.0
6043090.606535706 3308588.0044980953 0.0
5995993.678807622 3377714.2930333656 0.0
5947930.755100858 3446312.7048507687 0.0
5898909.613684052 3514372.511783188 0.0
5848938.185786478 3581883.0676427167 0.0
5798024.559461778 3648833.8138979524 0.0
5746176.974616839 3715214.278350042 0.0
5693403.819095047 3781014.0761845447 0.0
5639713.6337287715 3846222.914013489 0.0
5585115.107241647 3910830.590082617 0.0
5529617.073785716 3974826.995629113 0.0
5473228.512899697 4038202.116906073 0.0
5415958.5498931715 4100946.0373244816 0.0
5357816.45132787 4163048.937893159 0.0
5298811.621933816 4224501.097739266 0.0
5238953.610911346 4285292.899912866 0.0
5178252.104170968 4345414.829516515 0.0
5116716.924662924 4404857.476250129 0.0
5054358.022087877 4463611.53011063 0.0
4991185.48871369 4521667.794417601 0.0
4927209.546547739 4579017.179828277 0.0
4862440.547783332 4635650.707162247 0.0
4796888.96764449 4691559.504794464 0.0
4730565.409089399 4746734.814700177 0.0
4663480.604924021 4801167.996615515 0.0
4595645.409126762 4854850.524348037 0.0
4527070.795326324 4907773.987326555 0.0
4457767.850697046 4959930.088849298 0.0
4387747.789883368 5011310.658607696 0.0
4317021.9401972415 5061907.644735164 0.0
4245601.743487893 5111713.11773898 0.0
4173498.7459005895 5160719.264299262 0.0
4100724.613013814 5208918.403607224 0.0
4027291.116567321 5256302.97847249 0.0
3953210.1349808685 5302865.558678297 0.0
3878493.6472339677 5348598.838047476 0.0
3803153.7361449073 5393495.640680503 0.0
3727202.588609854 5437548.924233851 0.0
3650652.488900105 5480751.776439559 0.0
3573515.816598037 5523097.415959988 0.0
3495805.041705309 5564579.190380011 0.0
3417532.7341337013 5605190.589573906 0.0
3338711.5520467726 5644925.236464268 0.0
3259354.2425920404 5683776.891026105 0.0
3179473.6321502933 5721739.442109427 0.0
3099082.640052786 5758806.927272851 0.0
3018194.2655371767 5794973.520675252 0.0
2936821.5882289237 5830233.537111271 0.0
2854977.7622170723 5864581.427708983 0.0
2772676.018797961 5898011.787475342 0.0
2689929.665647233 5930519.357968309 0.0
2606752.080918087 5962099.023046234 0.0
2523156.711026495 5992745.809317885 0.0
2439157.066603311 6022454.883990673 0.0
2354766.7285815002 6051221.568745044 0.0
2269999.338961037 6079041.329380402 0.0
2184868.60064171 6105909.779799691 0.0
2099388.269695497 6131822.672640742 0.0
2013572.1646220908 6156775.920997032 0.0
1927434.1559025273 6180765.584072101 0.0
1840988.1658692218 6203787.8717191955 0.0
1754248.1636469692 6225839.139097795 0.0
1667228.1665806232 6246915.89512931 0.0
1579942.2384943706 6267014.804215488 0.0
1492404.4850195502 6286132.681723374 0.0
1404629.0511813522 6304266.493827595 0.0
1316630.118036815 6321413.355317966 0.0
1228421.9057594286 6337570.543724305 0.0
1140018.66667043 6352735.487995003 0.0
1051434.6842552228 6366905.772306658 0.0
962684.2674557774 6380079.125819823 0.0
873781.755525931 6392253.4456440825 0.0
784741.5105038855 6403426.780872105 0.0
695577.9162514005 6413597.337259114 0.0
606305.3745734172 6422763.4709729245 0.0
516938.30500197876 6430923.697894522 0.0
427491.1425319951 6438076.694226681 0.0
337978.3341203044 6444221.291854261 0.0
248414.33640327616 6449356.478549082 0.0
158813.61281819124 6453481.395537038 0.0
69190.63321091807 6456595.347525143 0.0
-20440.13008696192 6458697.795035429 0.0
-110064.20421032576 6459788.353665665 0.0
-199667.1180777153 6459866.79894193 0.0
-289234.4047496679 6458933.064393485 0.0
-378751.6037279714 6456987.240698738 0.0
-468204.26323570876 6454029.575139071 0.0
-557577.9427796671 6450060.475158948 0.0
-646858.2153142939 6445080.505688842 0.0
-736030.6695922455 6439090.3865116 0.0
-825080.9125638442 6432090.997634409 0.0
-913994.5716921203 6424083.376928964 0.0
-1002757.2972755064 6415068.718527702 0.0
-1091354.7647724918 6405048.371417801 0.0
-1179772.677210609 6394023.845437872 0.0
-1267996.7674706224 6381996.806300388 0.0
-1356012.8002475265 6368969.072982518 0.0
-1443806.5749870492 6354942.623434764 0.0
-1531363.9279456777 6339919.5917937225 0.0
-1618670.7341266042 6323902.266303897 0.0
-1705712.9093557503 6306893.08823572 0.0
-1792476.414169629 6288894.658534071 0.0
-1878947.2547250604 6269909.731435812 0.0
-1965111.4854267826 6249941.21566046 0.0
-2050955.2088581964 6228992.165379344 0.0
-2136464.5831783568 6207065.798739967 0.0
-2221625.8206327693 6184165.483594649 0.0
-2306425.1908117845 6160294.740750821 0.0
-2390849.0207040813 6135457.235711403 0.0
-2474883.700265914 6109656.789988415 0.0
-2558515.6840016954 6082897.378262398 0.0
-2641731.4921126314 6055183.124009057 0.0
-2724517.7119063498 6026518.296915562 0.0
-2806860.999925379 5996907.312069924 0.0
-2888748.0881021065 5966354.740866666 0.0
-2970165.782130022 5934865.299263337 0.0
-3051100.964420354 5902443.849630396 0.0
-3131540.592631276 5869095.391927681 0.0
-3211471.7104279567 5834825.082328426 0.0
-3290881.4431270505 5799638.217922062 0.0
-3369757.001567994 5763540.239878999 0.0
-3448085.6802119273 5726536.7252048645 0.0
-3525854.8660503514 5688633.398666252 0.0
-3603052.037921472 5649836.12681675 0.0
-3679664.767766953 5610150.915643829 0.0
-3755680.720901381 5569583.906823179 0.0
-3831087.659171479 5528141.378728794 0.0
-3905873.4476098227 5485829.753329201 0.0
-3980026.0513648577 5442655.586705152 0.0
-4053533.5384249953 5398625.569467673 0.0
-4126384.077354434 5353746.519316875 0.0
-4198565.950597017 5308025.397368956 0.0
-4270067.547587451 5261469.293654492 0.0
-4340877.369100018 5214085.429773353 0.0
-4410984.023003037 5165881.149560954 0.0
-4480376.237561131 5116863.933368389 0.0
-4549042.857024378 5067041.388506224 0.0
-4616972.843731725 5016421.248454478 0.0
-4684155.276781286 4965011.36808732 0.0
-4750579.357055039 4912819.726302916 0.0
-4816234.413098052 4859854.429661603 0.0
-4881109.89727747 4806123.704554658 0.0
-4945195.387850972 4751635.896546831 0.0
-5008480.58667106 4696399.464886105 0.0
-5070955.333856222 4640422.994922546 0.0
-5132609.598984869 4583715.185746206 0.0
-5193433.485717588 4526284.851999029 0.0
-5253417.224946981 4468140.914402232 0.0
-5312551.193332179 4409292.414652465 0.0
-5370825.903813617 4349748.503419595 0.0
-5428232.009318368 4289518.441007146 0.0
-5484760.299401946 4228611.591701084 0.0
-5540401.7079174835 4167037.4277139623 0.0
-5595147.316869732 4104805.5297997613 0.0
-5648988.352497228 4041925.581086573 0.0
-5701916.186283219 3978407.3654242544 0.0
-5753922.33337405 3914260.7635267363 0.0
-5804998.467424809 3849495.7620534757 0.0
-5855136.410534037 3784122.443069499 0.0
-5904328.137828556 3718150.9850528203 0.0
-5952565.768343357 3651591.6539388676 0.0
-5999841.588425768 3584454.8172131428 0.0
-6046148.037026419 3516750.9309950736 0.0
-6091477.711191125 3448490.5414371826 0.0
-6135823.360416517 3379684.2787172487 0.0
-6179177.897637717 3310342.8616738124 0.0
-6221534.399895498 3240477.0958372722 0.0
-6262886.105023057 3170097.868913818 0.0
-6303226.411239003 3099216.148351241 0.0
-6342548.876972101 3027842.978923128 0.0
-6380847.234722843 2955989.4884206676 0.0
-6418115.380411666 2883666.8791856454 0.0
-6454347.377245966 2810886.4280691915 0.0
-6489537.44663905 2737659.479476155 0.0
-6523679.992133771 2663997.4555324283 0.0
-6556769.583322518 2589911.845498234 0.0
-6588800.961335223 2515414.206370982 0.0
-6619769.0311281895 2440516.157134249 0.0
-6649668.876295812 2365229.383426634 0.0
-6678495.755551649 2289565.633730219 0.0
-6706245.100652966 2213536.7162268274 0.0
-6732912.514281073 2137154.4958846453 0.0
-6758493.771872344 2060430.8930756645 0.0
-6782984.833412888 1983377.8862716034 0.0
-6806381.832870807 1906007.5055861091 0.0
-6828681.081021049 1828331.8318684017 0.0
-6849879.057072576 1750362.9916095445 0.0
-6869972.431979075 1672113.1632179641 0.0
-6888958.051675784 1593594.5689149564 0.0
-6906832.942365426 1514819.4745422364 0.0
-6923594.300737266 1435800.1844711525 0.0
-6939239.512891143 1356549.045423953 0.0
-6953766.145873823 1277078.4417919877 0.0
-6967171.947376739 1197400.793487769 0.0
-6979454.8417004915 1117528.5529140015 0.0
-6990612.934050696 1037474.204069878 0.0
-7000644.519327428 957250.2628415452 0.0
-7009548.072269925 876869.2723792464 0.0
-7017322.248974459 796343.8015703487 0.0
-7023965.879820705 715686.4414962848 0.0
-7029477.99110622 634909.8081365734 0.0
-7033857.788287463 554026.5367181689 0.0
-7037104.660873191 473049.28077650943 0.0
-7039218.173924319 391990.7086655246 0.0
-7040198.082860454 310863.50418234186 0.0
-7040044.325544181 229680.36318047164 0.0
-7038757.021620223 148453.99158803516 0.0
-7036336.472325669 67197.10345800294 0.0
-7032783.165115717 -14077.580595565218 0.0
-7028097.7698070435 -95357.3357170543 0.0
-7022281.136519251 -176629.4348007715 0.0
-7015334.301086837 -257881.15026760934 0.0
-7007258.481847803 -339099.7561537303 0.0
-6998055.078319309 -420272.5301481537 0.0
-6987725.6706885025 -501386.75558981136 0.0
-6976272.02460209 -582429.7232198643 0.0
-6963696.086719689 -663388.7333585251 0.0
-6949999.979916906 -744251.0980972003 0.0
-6935186.013362586 -825004.142809133 0.0
-6919256.675803456 -905635.2084296185 0.0
-6902214.634481534 -986131.6533712649 0.0
-6884062.734730179 -1066480.8554987926 0.0
-6864804.004562147 -1146670.214142387 0.0
-6844441.649803866 -1226687.1520512486 0.0
-6822979.048206432 -1306519.1168057723 0.0
-6800419.7627886105 -1386153.5839638698 0.0
-6776767.531599096 -1465578.0582008786 0.0
-6752026.269655357 -1544780.0754855429 0.0
-6726200.061856415 -1623747.204279215 0.0
-6699293.170937906 -1702467.0484825536 0.0
-6671310.038022724 -1780927.249522889 0.0
-6642255.2764639575 -1859115.487663129 0.0
-6612133.6695913505 -1937019.4837243638 0.0
-6580950.166700015 -2014627.0006078554 0.0
-6548709.899973686 -2091925.8474614406 0.0
-6515418.168207239 -2168903.879652075 0.0
-6481080.440212771 -2245549.001212217 0.0
-6445702.340786587 -2321849.164512631 0.0
-6409289.678108379 -2397792.3769735154 0.0
-6371848.422194649 -2473366.6994609283 0.0
-6333384.709407407 -2548560.249109379 0.0
-6293904.833659863 -2623361.199319694 0.0
-6253415.256774497 -2697757.7843590826 0.0
-6211922.606403642 -2771738.3009725474 0.0
-6169433.670220303 -2845291.109098061 0.0
-6125955.393387854 -2918404.633135635 0.0
-6081494.876169649 -2991067.3633882133 0.0
-6036059.385939398 -3063267.8618821544 0.0
-5989656.343997107 -3134994.760525526 0.0
-5942293.327400331 -3206236.763807087 0.0
-5893978.057397404 -3276982.6470025503 0.0
-5844718.421601493 -3347221.2660596534 0.0
-5794522.455424783 -3416941.553381819 0.0
-5743398.34544 -3486132.521201592 0.0
-5691354.419882243 -3554783.260122402 0.0
-5638399.1602679705 -3622882.9459280004 0.0
-5584541.1966550695 -3690420.8399871383 0.0
-5529789.302943772 -3757386.289674246 0.0
-5474152.393302901 -3823768.728964782 0.0
-5417639.52091984 -3889557.680204699 0.0
-5360259.887656637 -3954742.760867707 0.0
-5302022.831739893 -4019313.680266534 0.0
-5242937.828706756 -4083260.2422555606 0.0
-5183014.481516044 -4146572.342370483 0.0
-5122262.539056223 -4209239.980208636 0.0
-5060691.87948806 -4271253.252935991 0.0
-4998312.5127482945 -4332602.359077928 0.0
-4935134.571345537 -4393277.595421932 0.0
-4871168.321627504 -4453269.366500303 0.0
-4806424.157115518 -4512568.183052865 0.0
-4740912.595136245 -4571164.662515891 0.0
-4674644.272597364 -4629049.528690627 0.0
-4607629.94572168 -4686213.614234118 0.0
-4539880.496401334 -4742647.867716891 0.0
-4471406.921896224 -4798343.349190691 0.0
-4402220.334696953 -4853291.23267517 0.0
-4332331.954335991 -4907482.802624052 0.0
-4261753.122074891 -4960909.468120865 0.0
-4190495.2864099024 -5013562.754458131 0.0
-4118570.004699496 -5065434.3072114885 0.0
-4045988.9342781976 -5116515.8874216275 0.0
-3972763.8432215215 -5166799.384044373 0.0
-3898906.6022522612 -5216276.8098290125 0.0
-3824429.1823958866 -5264940.302248526 0.0
-3749343.6503999853 -5312782.12202669 0.0
-3673662.1691024434 -5359794.656714901 0.0
-3597397.0008908175 -5405970.427360417 0.0
-3520560.4993033293 -5451302.083315466 0.0
-3443165.1080190632 -5495782.40428042 0.0
-3365223.3544438044 -5539404.296479058 0.0
-3286747.8601578376 -5582160.807995537 0.0
-3207751.329079593 -5624045.118787942 0.0
-3128246.548135311 -5665050.544913519 0.0
-3048246.3792397897 -5705170.531930599 0.0
-2967763.768491986 -5744398.670554301 0.0
-2886811.7376394314 -5782728.689391009 0.0
-2805403.3824821585 -5820154.456643588 0.0
-2723551.8682574937 -5856669.977330657 0.0
-2641270.4301936226 -5892269.398256039 0.0
-2558572.374509964 -5926947.0136404 0.0
-2475471.0718641416 -5960697.259559399 0.0
-2391979.9556641732 -5993514.715341388 0.0
-2308112.5172017817 -6025394.099839979 0.0
-2223882.312109445 -6056330.287179776 0.0
-2139302.951195016 -6086318.2956366185 0.0
-2054388.1002030892 -6115353.291868929 0.0
-1969151.473070961 -6143430.582554532 0.0
-1883606.8386750862 -6170545.633336892 0.0
-1797768.0128735835 -6196694.058005519 0.0
-1711648.8572592074 -6221871.621260627 0.0
-1625263.2749205728 -6246074.234507104 0.0
-1538625.2106203504 -6269297.962448268 0.0
-1451748.6499149008 -6291539.027111539 0.0
-1364647.6143207487 -6312793.802283408 0.0
-1277336.1591978504 -6333058.814092955 0.0
-1189828.3701717136 -6352330.737728901 0.0
-1102138.3658341127 -6370606.412900923 0.0
-1014280.2913055569 -6387882.8320194855 0.0
-926268.3171298155 -6404157.144294078 0.0
-838116.6342257073 -6419426.645690389 0.0
-749839.4572451797 -6433688.801092039 0.0
-661451.0183339126 -6446941.229694365 0.0
-572965.5657581165 -6459181.709040547 0.0
-484397.36045389855 -6470408.169341649 0.0
-395760.67522637226 -6480618.7018244155 0.0
-307069.79273546336 -6489811.560682755 0.0
-218339.00212007517 -6497985.157850625 0.0
-129582.59685028787 -6505138.0636015665 0.0
-40814.872024283686 -6511269.00380201 0.0
47949.876673708975 -6516376.870222253 0.0
136697.35628781843 -6520460.712983967 0.0
225413.27859947583 -6523519.739979187 0.0
314083.3625145817 -6525553.3219006825 0.0
402693.33633449115 -6526560.989899058 0.0
491228.9400830029 -6526542.435840582 0.0
579675.9277025951 -6525497.5113332495 0.0
668020.0692352015 -6523426.229240196 0.0
756247.1535068011 -6520328.763645379 0.0
844342.990240453 -6516205.449193621 0.0
932293.4122753126 -6511056.781362976 0.0
1020084.2777933727 -6504883.416526348 0.0
1107701.473080844 -6497686.171802511 0.0
1195130.9147950378 -6489466.024867047 0.0
1282358.5496576088 -6480224.114017228 0.0
1369370.360778752 -6469961.737780436 0.0
1456152.3671721867 -6458680.354863886 0.0
1542690.6278752382 -6446381.583958836 0.0
1628971.243703571 -6433067.203454003 0.0
1714980.358340702 -6418739.151340167 0.0
1800704.1617821064 -6403399.524798774 0.0
1886128.891116565 -6387050.580050683 0.0
1971240.8340379342 -6369694.731858128 0.0
2056026.3300739534 -6351334.553387598 0.0
2140471.7747386727 -6331972.775176894 0.0
2224563.61868607 -6311612.286018123 0.0
2308288.3718534545 -6290256.131868014 0.0
2391632.6062903693 -6267907.514186332 0.0
2474582.9567964147 -6244569.791784473 0.0
2557126.123853531 -6220246.4794625025 0.0
2639248.875232784 -6194941.24574433 0.0
2720938.04886821 -6168657.91464717 0.0
2802180.554972969 -6141400.465027834 0.0
2882963.3768370245 -6113173.027855848 0.0
2963273.5739116664 -6083979.887137536 0.0
3043098.2846094626 -6053825.480306252 0.0
3122424.7267641546 -6022714.395250975 0.0
3201240.2001564256 -5990651.370351726 0.0
3279532.089681113 -5957641.2956035035 0.0
3357287.866053035 -5923689.2095746435 0.0
3434495.0879442496 -5888800.298719062 0.0
3511141.405045964 -5852979.899042968 0.0
3587214.558764686 -5816233.492429982 0.0
3662702.3839019416 -5778566.705263226 0.0
3737592.813383833 -5739985.313220383 0.0
3811873.8779192367 -5700495.235705996 0.0
3885533.7086947183 -5660102.536488957 0.0
3958560.5341322273 -5618813.414167644 0.0
4030942.6921551693 -5576634.218567093 0.0
4102668.625464771 -5533571.438727161 0.0
4173726.884605397 -5489631.703914823 0.0
4244106.126376312 -5444821.777618413 0.0
4313795.11834738 -5399148.560479474 0.0
4382782.746056555 -5352619.097172812 0.0
4451058.008208665 -5305240.565621855 0.0
4518610.019814199 -5257020.278050239 0.0
4585428.007040249 -5207965.670887709 0.0
4651501.325995467 -5158084.325835186 0.0
4716819.451463785 -5107383.951806793 0.0
4781371.982149049 -5055872.38836706 0.0
4845148.636376968 -5003557.59769014 0.0
4908139.262929844 -4950447.673885288 0.0
4970333.841001322 -4896550.839836549 0.0
5031722.478758138 -4841875.442443862 0.0
5092295.41409706 -4786429.950639008 0.0
5152043.01370225 -4730222.951480937 0.0
5210955.786927738 -4673263.161692096 0.0
5269024.376691471 -4615559.415251299 0.0
5326239.564123524 -4557120.665312183 0.0
5382592.260657714 -4497955.973716915 0.0
5438073.528229037 -4438074.527806226 0.0
5492674.568728567 -4377485.627372357 0.0
5546386.72749856 -4316198.6852478245 0.0
5599201.490387926 -4254223.222014646 0.0
5651110.4885832 -4191568.8676451417 0.0
5702105.507046618 -4128245.3663741224 0.0
5752178.477196236 -4064262.567454508 0.0
5801321.480049981 -3999630.4253813783 0.0
5849526.7388207195 -3934358.9913565395 0.0
5896786.6415777225 -3868458.429030003 0.0
5943093.726190833 -3801938.9997868733 0.0
5988440.6859887745 -3734811.0647597434 0.0
6032820.363126928 -3667085.0775914756 0.0
6076225.761697272 -3598771.5914761377 0.0
6118650.046720552 -3529881.2559895264 0.0
6160086.541200976 -3460424.8125184407 0.0
6200528.726125486 -3390413.0920315417 0.0
6239970.238170123 -3319857.011220716 0.0
6278404.886881944 -3248767.581411767 0.0
6315826.6417317195 -3177155.8977206056 0.0
6352229.637178591 -3105033.1400191537 0.0
6387608.161971846 -3032410.5642347597 0.0
6421956.683235513 -2959299.514494309 0.0
6455269.832566587 -2885711.412503814 0.0
6487542.409414826 -2811657.757284526 0.0
6518769.376825031 -2737150.1206599018 0.0
6548945.866289555 -2662200.1476620454 0.0
6578067.187002277 -2586819.5593303023 0.0
6606128.816322197 -2511020.1452974705 0.0
6633126.402727993 -2434813.763235686 0.0
6659055.756383509 -2358212.3320967443 0.0
6683912.874743561 -2281227.842372701 0.0
6707693.924241824 -2203872.345024041 0.0
6730395.246088159 -2126157.9521186203 0.0
6752013.347886646 -2048096.831097995 0.0
6772544.917887319 -1969701.2087706546 0.0
6791986.823140353 -1890983.36838729 0.0
6810336.10529028 -1811955.6457018412 0.0
6827589.979888437 -1732630.4267274765 0.0
6843745.832997262 -1653020.1443571767 0.0
6858801.239969166 -1573137.283367129 0.0
6872753.949999989 -1492994.3724816516 0.0
6885601.891126724 -1412603.9841668096 0.0
6897343.157675095 -1331978.7284300227 0.0
6907976.03615814 -1251131.259278323 0.0
6917498.989248514 -1170074.267373853 0.0
6925910.658750382 -1088820.4789443125 0.0
6933209.860326339 -1007382.6522863226 0.0
6939395.588010642 -925773.5769867407 0.0
6944467.023636181 -844006.0745243134 0.0
6948423.525745609 -762092.993108168 0.0
6951264.632554316 -680047.2065032577 0.0
6952990.053506239 -597881.6100005007 0.0
6953599.687702024 -515609.12274350284 0.0
6953093.610904269 -433242.6826222681 0.0
6951472.0767208785 -350795.24471995153 0.0
6948735.517465115 -268279.77941651666 0.0
6944884.547614878 -185709.27086956982 0.0
6939919.9601999745 -103096.71446892792 0.0
6933842.724190135 -20455.114626740076 0.0
6926653.990964966 62202.51663624268 0.0
6918355.090265664 144863.16208919598 0.0
6908947.529322161 227513.80138524 0.0
6898432.991025782 310141.41324271227 0.0
6886813.340626989 392732.9768703743 0.0
6874090.620008522 475275.4744953905 0.0
6860267.044363877 557755.8937044966 0.0
6845345.008103373 640161.22890476 0.0
6829327.083455348 722478.48347465 0.0
6812216.017576713 804694.6720173368 0.0
6794014.728643965 886796.8225063584 0.0
6774726.315385419 968771.977935603 0.0
6754354.0494728675 1050607.198658124 0.0
6732901.373363159 1132289.5641938476 0.0
6710371.903154735 1213806.1754283844 0.0
6686769.431256631 1295144.1568031092 0.0
6662097.9210632285 1376290.6581317799 0.0
6636361.505988792 1457232.8565624757 0.0
6609564.483406777 1537957.958204938 0.0
6581711.331399683 1618453.201452077 0.0
6552806.694012178 1698705.8579621871 0.0
6522855.384513906 1778703.2349787587 0.0
6491862.3722117 1858432.6760296568 0.0
6459832.805899337 1937881.5655031512 0.0
6426771.997981683 2017037.32906267 0.0
6392685.425842659 2095887.4358862047 0.0
6357578.725061528 2174419.3998078685 0.0
6321457.694988775 2252620.782218475 0.0
6284328.303578269 2330479.1948617585 0.0
6246196.677513689 2407982.300566424 0.0
6207069.102081567 2485117.815185315 0.0
6166952.014502901 2561873.5083658285 0.0
6125852.021307137 2638237.209380821 0.0
6083775.8823619345 2714196.8059411584 0.0
6040730.514003032 2789740.2470284943 0.0
5996722.97752618 2864855.541857543 0.0
5951760.498465349 2939530.7676121523 0.0
5905850.452663602 3013754.0677176174 0.0
5859000.36708935 3087513.654315255 0.0
5811217.913430261 3160797.8083654307 0.0
5762510.912635269 3233594.883477177 0.0
5712887.338473709 3305893.3094059294 0.0
5662355.308656135 3377681.5913506057 0.0
5610923.084016527 3448948.311862275 0.0
5558599.061878507 3519682.130626577 0.0
5505391.792199255 3589871.7930678995 0.0
5451309.961980823 3659506.126663606 0.0
5396362.397891283 3728574.044310875 0.0
5340558.054780513 3797064.5415296885 0.0
5283906.034048964 3864966.707269554 0.0
5226415.569660554 3932269.7199719595 0.0
5168096.028698323 3998962.8502598116 0.0
5108956.905165471 4065035.4600870507 0.0
5049007.823765719 4130477.0073382254 0.0
4988258.542498449 4195277.0497860005 0.0
4926718.944369772 4259425.243152104 0.0
4864399.03627472 4322911.34288085 0.0
4801308.942955468 4385725.2030089395 0.0
4737458.920207542 4447856.78717079 0.0
4672859.341147551 4509296.162619624 0.0
4607520.6979679745 4570033.50401288 0.0
4541453.591588991 4630059.088802084 0.0
4474668.747067166 4689363.3110957565 0.0
4407177.000955652 4747936.675405731 0.0
4338989.301419826 4805769.799541748 0.0
4270116.702356585 4862853.412757375 0.0
4200570.366319329 4919178.3610950615 0.0
4130361.5661549964 4974735.611684006 0.0
4059501.677462217 5029516.249574691 0.0
3988002.177156095 5083511.47932908 0.0
3915874.6379552498 5136712.62302695 0.0
3843130.7389705903 5189111.133383351 0.0
3769782.2536531314 5240698.585618048 0.0
3695841.0507824244 5291466.681563268 0.0
3621319.085240594 5341407.243526581 0.0
3546228.4105899488 5390512.230545262 0.0
3470581.167796758 5438773.730143651 0.0
3394389.5849264725 5486183.961357746 0.0
3317665.971956449 5532735.271811885 0.0
3240422.722542451 5578420.143794736 0.0
3162672.314579456 5623231.198789331 0.0
3084427.303809305 5667161.193087281 0.0
3005700.3220698126 5710203.01917691 0.0
2926504.0724722575 5752349.702980843 0.0
2846851.3369812984 5793594.418660871 0.0
2766754.9664720027 5833930.478602729 0.0
2686227.880898655 5873351.337723598 0.0
2605283.0615427615 5911850.58581076 0.0
2523933.56020543 5949421.966061076 0.0
2442192.4897774034 5986059.3648250615 0.0
2360073.0234686914 6021756.814741101 0.0
2277588.390268325 6056508.4909569025 0.0
2194751.8756650607 6090308.717660692 0.0
2111576.8213196434 6123151.972576375 0.0
2028076.6197035357 6155032.881683303 0.0
1944264.71219126 6185946.220273557 0.0
1860154.5850334638 6215886.909483871 0.0
1775759.7737191776 6244850.032486358 0.0
1691093.8554272826 6272830.822768136 0.0
1606170.4483643905 6299824.668548203 0.0
1521003.2059822702 6325827.103619474 0.0
1435605.8219533954 6350833.828038267 0.0
1349992.0232699863 6374840.695863528 0.0
1264175.5689246054 6397843.718381512 0.0
1178170.2461790843 6419839.059533046 0.0
1091989.8701495489 6440823.042781033 0.0
1005648.2826482824 6460792.155434278 0.0
919159.3479939889 6479743.042594199 0.0
832536.9509758558 6497672.507879597 0.0
745794.9936142399 6514577.509422285 0.0
658947.3964972676 6530455.17679172 0.0
572008.0935881519 6545302.798056513 0.0
484991.0308148484 6559117.824145286 0.0
397910.1622329055 6571897.858550569 0.0
310779.4509717747 6583640.679405828 0.0
223612.8648771085 6594344.225666506 0.0
136424.37467148184 6604006.600334892 0.0
49227.95140036251 6612626.067186091 0.0
-37962.435557878605 6620201.054032322 0.0
-125132.82040895187 6626730.156801336 0.0
-212269.24359240785 6632212.1346524 0.0
-299357.75380072894 6636645.909950144 0.0
-386384.41045871144 6640030.572908085 0.0
-473335.2857952769 6642365.378723899 0.0
-560196.4668770095 6643649.746887597 0.0
-646954.0582331114 6643883.264196643 0.0
-733594.1839149845 6643065.68376157 0.0
-820102.9896002633 6641196.923656844 0.0
-906466.6448468625 6638277.067279589 0.0
-992671.3455739361 6634306.366712817 0.0
-1078703.3160239293 6629285.239551182 0.0
-1164548.810692017 6623214.2659027325 0.0
-1250194.1172748576 6616094.196417741 0.0
-1335625.5583829083 6607925.9468024485 0.0
-1420829.493513591 6598710.596324316 0.0
-1505792.321708817 6588449.391316036 0.0
-1590500.4837225357 6577143.7448292505 0.0
-1674940.4636210287 6564795.23365083 0.0
-1759098.7908298022 6551405.597958756 0.0
-1842962.0439820208 6536976.747359613 0.0
-1926516.8515857477 6521510.755167804 0.0
-2009749.894519412 6505009.859496499 0.0
-2092647.90551147 6487476.454286358 0.0
-2175197.677214296 6468913.108494861 0.0
-2257386.059963234 6449322.551487145 0.0
-2339199.965070891 6428707.676564097 0.0
-2420626.364318025 6407071.53200325 0.0
-2501652.2960895933 6384417.333934898 0.0
-2582264.8665783564 6360748.4630108625 0.0
-2662451.2506627175 6336068.460002703 0.0
-2742198.6930942694 6310381.023062277 0.0
-2821494.510448847 6283690.006922321 0.0
-2900326.097696919 6255999.4353155885 0.0
-2978680.925907675 6227313.48802255 0.0
-3056546.5452307905 6197636.503224895 0.0
-3133910.5828584586 6166972.967586202 0.0
-3210760.754503715 6135327.537492171 0.0
-3287084.85928092 6102705.022027323 0.0
-3362870.783593903 6069110.386717336 0.0
-3438106.4989927076 6034548.744841095 0.0
-3512780.0708986563 5999025.369968562 0.0
-3586879.658153606 5962545.690578344 0.0
-3660393.5137775494 5925115.287035077 0.0
-3733309.9852568107 5886739.888049367 0.0
-3805617.517049804 5847425.370983591 0.0
-3877304.6579915276 5807177.770915235 0.0
-3948360.0574588324 5766003.269607831 0.0
-4018772.468271427 5723908.196622931 0.0
-4088530.7435034765 5680899.02015092 0.0
-4157623.850781867 5636982.3666948415 0.0
-4226040.864534356 5592165.00437153 0.0
-4293770.970355335 5546453.846206806 0.0
-4360803.460908866 5499855.9404554125 0.0
-4427127.747924009 5452378.484804281 0.0
-4492733.359242318 5404028.818391043 0.0
-4557609.939793715 5354814.419652794 0.0
-4621747.250753517 5304742.902028594 0.0
-4685135.17301695 5253822.015243847 0.0
-4747763.714704566 5202059.651924324 0.0
-4809623.006160314 5149463.837673131 0.0
-4870703.30253155 5096042.731318539 0.0
-4930994.979949616 5041804.617245215 0.0
-4990488.551673749 4986757.921628748 0.0
-5049174.658266442 4930911.197576486 0.0
-5107044.072242285 4874273.127598333 0.0
-5164087.691978172 4816852.513954633 0.0
-5220296.55720139 4758658.292786683 0.0
-5275661.842894831 4699699.524459147 0.0
-5330174.860889735 4639985.392375425 0.0
-5383827.057668461 4579525.198005178 0.0
-5436610.019177299 4518328.362964772 0.0
-5488515.4776958 4456404.433185593 0.0
-5539535.306086045 4393763.070270295 0.0
-5589661.519812602 4330414.050885212 0.0
-5638886.272911131 4266367.260337321 0.0
-5687201.875207178 4201632.705884492 0.0
-5734600.780847439 4136220.5034060352 0.0
-5781075.593077438 4070140.879159926 0.0
-5826619.056149529 4003404.1603610027 0.0
-5871224.074447396 3936020.788810437 0.0
-5914883.702727298 3868001.3100622725 0.0
-5957591.148667046 3799356.3730140887 0.0
-5999339.769164764 3730096.724608093 0.0
-6040123.076776606 3660233.212338405 0.0
-6079934.745260174 3589776.7860661075 0.0
-6118768.60350939 3518738.4908479573 0.0
-6156618.636804246 3447129.4655780457 0.0
-6193478.982980825 3374960.9378754846 0.0
-6229343.949906587 3302244.234061403 0.0
-6264208.002866252 3228990.767825356 0.0
-6298065.76930281 3155212.0411833576 0.0
-6330912.028792677 3080919.6356701963 0.0
-6362741.735778864 3006125.2246861844 0.0
-6393550.005810667 2930840.5622772076 0.0
-6423332.119318168 2855077.4832383436 0.0
-6452083.516323078 2778847.89776258 0.0
-6479799.8046885375 2702163.793992575 0.0
-6506476.763753347 2625037.2378711104 0.0
-6532110.338355786 2547480.3673667647 0.0
-6556696.6391475 2469505.390549008 0.0
-6580231.939326892 2391124.5816382654 0.0
-6602712.691598576 2312350.287717416 0.0
-6624135.514916479 2233194.9195158663 0.0
-6644497.199029074 2153670.9515773496 0.0
-6663794.692671271 2073790.9145038133 0.0
-6682025.129692982 1993567.4050883702 0.0
-6699185.811174201 1913013.0756936823 0.0
-6715274.210603321 1832140.6345057958 0.0
-6730287.966994568 1750962.8405038079 0.0
-6744224.895016628 1669492.5055380051 0.0
-6757082.98626972 1587742.492708123 0.0
-6768860.403755182 1505725.7118960735 0.0
-6779555.481141307 1423455.1174857435 0.0
-6789166.7203515135 1340943.7053511667 0.0
-6797692.807310621 1258204.5164836047 0.0
-6805132.598534971 1175250.6299586648 0.0
-6811485.125021391 1092095.1622443034 0.0
-6816749.580450554 1008751.2613864471 0.0
-6820925.347172885 925232.1130560776 0.0
-6824011.977442511 841550.9325468822 0.0
-6826009.198506541 757720.9642620481 0.0
-6826916.907003225 673755.4781153477 0.0
-6826735.175535661 589667.7691914163 0.0
-6825464.253297724 505471.1558139439 0.0
-6823104.561791895 421178.9763785972 0.0
-6819656.694171323 336804.5872938579 0.0
-6815121.420375513 252361.36170658394 0.0
-6809499.683200401 167862.68678190315 0.0
-6802792.597047049 83321.96154704603 0.0
-6795001.451114471 -1247.40489150121 0.0
-6786127.708008848 -85831.99557876178 0.0
-6776173.001989536 -170418.38799773462 0.0
-6765139.138012335 -254993.15627433007 0.0
-6753028.096397064 -339542.8727451395 0.0
-6739842.028606902 -424054.1105265884 0.0
-6725583.25284947 -508513.4461627499 0.0
-6710254.26304617 -592907.4606071963 0.0
-6693857.722677252 -677222.7420762574 0.0
-6676396.463546121 -761445.8881673286 0.0
-6657873.486014644 -845563.5079473733 0.0
-6638291.96214349 -929562.2238655721 0.0
-6617655.231367312 -1013428.6740952509 0.0
-6595966.796039322 -1097149.5144078573 0.0
-6573230.332401335 -1180711.4207501493 0.0
-6549449.681504676 -1264101.0910397228 0.0
-6524628.850984324 -1347305.2473836755 0.0
-6498772.007307908 -1430310.637750393 0.0
-6471883.486361316 -1513104.0387969876 0.0
-6443967.790000467 -1595672.2578122902 0.0
-6415029.5823393725 -1678002.13464318 0.0
-6385073.686343301 -1760080.5434968942 0.0
-6354105.082286277 -1841894.3949714655 0.0
-6322128.921038897 -1923430.6395065445 0.0
-6289150.509975486 -2004676.2682118579 0.0
-6255175.315503274 -2085618.3152654488 0.0
-6220208.950714222 -2166243.8585026306 0.0
-6184257.200280271 -2246540.0248685833 0.0
-6147326.000410933 -2326493.9900025185 0.0
-6109421.443000142 -2406092.9809807325 0.0
-6070549.76700297 -2485324.2767886478 0.0
-6030717.36900126 -2564175.2127770083 0.0
-5989930.80018366 -2642633.182297353 0.0
-5948196.761319745 -2720685.6379209645 0.0
-5905522.100274001 -2798320.0928944624 0.0
-5861913.809632865 -2875524.122783494 0.0
-5817379.037980532 -2952285.371118366 0.0
-5771925.077419737 -3028591.54807451 0.0
-5725559.365438124 -3104430.4333367543 0.0
-5678289.473514606 -3179789.8744812137 0.0
-5630123.128353381 -3254657.7968606683 0.0
-5581068.194168376 -3329022.1997575616 0.0
-5531132.675821557 -3402871.159889403 0.0
-5480324.710527052 -3476192.8305016835 0.0
-5428652.576708466 -3548975.4474176727 0.0
-5376124.691807332 -3621207.3306071195 0.0
-5322749.606576826 -3692876.8843294145 0.0
-5268536.002637837 -3763972.598370892 0.0
-5213492.689229307 -3834483.049032494 0.0
-5157628.614480607 -3904396.907087454 0.0
-5100952.852638547 -3973702.934198161 0.0
-5043474.605776977 -4042389.9862652374 0.0
-4985203.1927690115 -4110447.009743349 0.0
-4926148.068348041 -4177863.05530395 0.0
-4866318.806607571 -4244627.270996135 0.0
-4805725.103443914 -4310728.90632851 0.0
-4744376.769287168 -4376157.310160852 0.0
-4682283.735430671 -4440901.9378052605 0.0
-4619456.052574418 -4504952.352854291 0.0
-4555903.885053021 -4568298.226086415 0.0
-4491637.508579323 -4630929.336492151 0.0
-4426667.306521915 -4692835.571328117 0.0
-4361003.77954499 -4754006.936652255 0.0
-4294657.534049163 -4814433.551230954 0.0
-4227639.283326063 -4874105.650415946 0.0
-4159959.8371044416 -4933013.580426748 0.0
-4091630.118236049 -4991147.815423052 0.0
-4022661.1476053526 -5048498.947893869 0.0
-3953064.045883839 -5105057.693191503 0.0
-3882850.0272131483 -5160814.886226462 0.0
-3812030.403356187 -5215761.489334571 0.0
-3740616.582699952 -5269888.594649498 0.0
-3668620.064608314 -5323187.421512338 0.0
-3596052.4372841897 -5375649.317453451 0.0
-3522925.3737892197 -5427265.757171476 0.0
-3449250.6399646094 -5478028.355320066 0.0
-3375040.084158844 -5527928.858187017 0.0
-3300305.637768679 -5576959.147918915 0.0
-3225059.3064815956 -5625111.2348913 0.0
-3149313.182546665 -5672377.277695768 0.0
-3073079.4327908666 -5718749.571273229 0.0
-2996370.299176078 -5764220.551516979 0.0
-2919198.093465687 -5808782.791254691 0.0
-2841575.1994896517 -5852429.008127283 0.0
-2763514.07234735 -5895152.067679192 0.0
-2685027.2331047435 -5936944.979402584 0.0
-2606127.266754577 -5977800.897636931 0.0
-2526826.818253564 -6017713.119327967 0.0
-2447138.5983881606 -6056675.0989837935 0.0
-2367075.3750965497 -6094680.438183662 0.0
-2286649.9733341434 -6131722.890035372 0.0
-2205875.2683717515 -6167796.350041272 0.0
-2124764.1932199667 -6202894.877948462 0.0
-2043329.7300852959 -6237012.6845745435 0.0
-1961584.9097381784 -6270144.135987097 0.0
-1879542.8072928172 -6302283.748892927 0.0
-1797216.5427027238 -6333426.198287792 0.0
-1714619.2798360963 -6363566.321426635 0.0
-1631764.2219152711 -6392699.112372979 0.0
-1548664.6095443636 -6420819.722881012 0.0
-1465333.717154642 -6447923.458835599 0.0
-1381784.8561432923 -6474005.79722207 0.0
-1298031.3683887364 -6499062.373579317 0.0
-1214086.6253582523 -6523088.986605379 0.0
-1129964.023191044 -6546081.588154991 0.0
-1045676.9861248557 -6568036.305499434 0.0
-961238.9606962552 -6588949.42791065 0.0
-876663.4142906779 -6608817.410064621 0.0
-791963.8319567594 -6627636.8670547865 0.0
-707153.7154658316 -6645404.581436363 0.0
-622246.5819665631 -6662117.508128405 0.0
-537255.9604162184 -6677772.767549499 0.0
-452195.38962674694 -6692367.6464936435 0.0
-367078.415425341 -6705899.593228407 0.0
-281918.5907725464 -6718366.2361948835 0.0
-196729.47173588307 -6729765.369634038 0.0
-111524.61584785984 -6740094.95824082 0.0
-26317.579358954827 -6749353.129595835 0.0
58878.08391912331 -6757538.188322981 0.0
144048.82534760938 -6764648.608696365 0.0
229181.10350763373 -6770683.034577363 0.0
314261.38631393004 -6775640.279756308 0.0
399276.15332137037 -6779519.332001215 0.0
484211.8977516222 -6782319.350145209 0.0
569055.1283713303 -6784039.66241408 0.0
653792.3722049687 -6784679.771904724 0.0
738410.1763226995 -6784239.353523261 0.0
822895.1099135356 -6782718.25314942 0.0
907233.7664482383 -6780116.488055408 0.0
991412.7661350184 -6776434.250818151 0.0
1075418.7577542262 -6771671.905866949 0.0
1159238.420333871 -6765829.98521778 0.0
1242858.4663081802 -6758909.198721047 0.0
1326265.6429481062 -6750910.42720487 0.0
1409446.734362663 -6741834.72195009 0.0
1492388.5637434453 -6731683.305635391 0.0
1575077.9959100694 -6720457.575576652 0.0
1657501.9388827034 -6708159.099859802 0.0
1739647.344768326 -6694789.612827979 0.0
1821501.2149042883 -6680351.027278122 0.0
1903050.5996750172 -6664845.425155245 0.0
1984282.6012047206 -6648275.05985595 0.0
2065184.3733733185 -6630642.348806519 0.0
2145743.12695212 -6611949.884060769 0.0
2225946.1311149197 -6592200.430140507 0.0
2305780.7144095493 -6571396.919977145 0.0
2385234.2661135616 -6549542.452281525 0.0
2464294.2376611275 -6526640.289129289 0.0
2542948.1493039024 -6502693.871636302 0.0
2621183.58787879 -6477706.804896917 0.0
2698988.20995738 -6451682.861564854 0.0
2776349.7394304588 -6424625.968184524 0.0
2853255.9788975655 -6396540.232956136 0.0
2929694.8047244144 -6367429.924482305 0.0
3005654.170806348 -6337299.476644538 0.0
3081122.107446042 -6306153.48055511 0.0
3156086.7273704205 -6273996.6939550685 0.0
3230536.227886503 -6240834.041176838 0.0
3304458.8904088764 -6206670.606683991 0.0
3377843.081874263 -6171511.633733847 0.0
3450677.2549834936 -6135362.520263237 0.0
3522949.9575835657 -6098228.833898425 0.0
3594649.82801107 -6060116.297591368 0.0
3665765.5987957856 -6021030.792748348 0.0
3736286.092153353 -5980978.346287035 0.0
3806200.2347463765 -5939965.154674497 0.0
3875497.050366459 -5897997.565589889 0.0
3944165.663869545 -5855082.081185149 0.0
4012195.2992208046 -5811225.350615283 0.0
4079575.2856027707 -5766434.176836244 0.0
4146295.060955199 -5720715.518854212 0.0
4212344.169624536 -5674076.483542914 0.0
4277712.26397812 -5626524.324765517 0.0
4342389.102945087 -5578066.437347182 0.0
4406364.5646983655 -5528710.373569844 0.0
4469628.639149757 -5478463.827515629 0.0
4532171.432146647 -5427334.638047264 0.0
4593983.159659273 -5375330.777122359 0.0
4655054.16390762 -5322460.369326779 0.0
4715374.905653211 -5268731.677491706 0.0
4774935.967247221 -5214153.103616507 0.0
4833728.050341014 -5158733.182757735 0.0
4891741.981288464 -5102480.586807786 0.0
4948968.716602031 -5045404.128342957 0.0
5005399.338508671 -4987512.75168056 0.0
5061025.056915172 -4928815.532372749 0.0
5115837.205943098 -4869321.670039934 0.0
5169827.259873486 -4809040.504302138 0.0
5222986.822885005 -4747981.499524102 0.0
5275307.633645446 -4686154.247236123 0.0
5326781.55855 -4623568.455821047 0.0
5377400.608153115 -4560233.965612559 0.0
5427156.930037962 -4496160.738178067 0.0
5476042.810481007 -4431358.85523771 0.0
5524050.672112214 -4365838.513612464 0.0
5571173.078038724 -4299610.0265800515 0.0
5617402.739587472 -4232683.828856634 0.0
5662732.509607938 -4165070.467111155 0.0
5707155.3848952325 -4096780.599734203 0.0
5750664.500527412 -4027824.989000807 0.0
5793253.148954338 -3958214.5158520844 0.0
5834914.767105143 -3887960.16545111 0.0
5875642.941279795 -3817073.0289905667 0.0
5915431.3997952 -3745564.2949837064 0.0
5954274.02875995 -3673445.259867359 0.0
5992164.8663177295 -3600727.320626583 0.0
6029098.102567022 -3527421.9721590034 0.0
6065068.077417201 -3453540.803229354 0.0
6100069.282990133 -3379095.495811964 0.0
6134096.373805711 -3304097.830373615 0.0
6167144.157833572 -3228559.6765541905 0.0
6199207.599417694 -3152492.992977759 0.0
6230281.811374723 -3075909.8193401163 0.0
6260362.076909554 -2998822.2892118795 0.0
6289443.83435416 -2921242.6170129976 0.0
6317522.682243016 -2843183.0991161354 0.0
6344594.371683641 -2764656.1066882256 0.0
6370654.820697472 -2685674.0923379003 0.0
6395700.11040331 -2606249.585352988 0.0
6419726.482980219 -2526395.188056256 0.0
6442730.339898208 -2446123.5725905914 0.0
6464708.242318562 -2365447.478830326 0.0
6485656.923683651 -2284379.719173485 0.0
6505573.278645397 -2202933.1699772174 0.0
6524454.3664808115 -2121120.7712098677 0.0
6542297.40105172 -2038955.519123709 0.0
6559099.775064158 -1956450.4761907626 0.0
6574859.04280913 -1873618.7601421953 0.0
6589572.925292342 -1790473.544276143 0.0
6603239.302608415 -1707028.0518297323 0.0
6615856.22625382 -1623295.5592062601 0.0
6627421.917588 -1539289.3930504876 0.0
6637934.763778046 -1455022.9262063955 0.0
6647393.3165166825 -1370509.5751192253 0.0
6655796.290305624 -1285762.796957069 0.0
6663142.577216779 -1200796.09309413 0.0
6669431.233952096 -1115623.0018991737 0.0
6674661.485685195 -1030257.0980152532 0.0
6678832.714117847 -944711.9862368552 0.0
6681944.483452303 -859001.3078501695 0.0
6683996.521600735 -773138.7322595732 0.0
6684988.725230417 -687137.9564490406 0.0
6684921.158282247 -601012.7023523716 0.0
6683794.046986514 -514776.71324044093 0.0
6681607.789187159 -428443.7543813981 0.0
6678362.951466077 -342027.60994100204 0.0
6674060.266705296 -255542.08009167423 0.0
6668700.635005416 -169000.97914618283 0.0
6662285.124233345 -82418.13356907754 0.0
6654814.969554074 4192.6203220045645 0.0
